-1.306104907346721911e+00
-1.306103086061427998e+00
-1.303568874845599135e+00
-1.303565263735188884e+00
-1.285068992227284213e+00
-1.285063059503568139e+00
-1.284404032639597348e+00
-1.284400940935015889e+00
-1.281392185900817715e+00
-1.281384047029394235e+00
-1.281016189707281816e+00
-1.281015885381288077e+00
-1.278177999637530649e+00
-1.278173229050510118e+00
-1.278103273321082423e+00
-1.278101292282092460e+00
-1.275255925445792693e+00
-1.275255771878071709e+00
-1.272745259177929356e+00
-1.272742639267398390e+00
-1.239596981070346660e+00
-1.239596194623236114e+00
-1.237746779871846670e+00
-1.237745159835797359e+00
-1.237421061069462258e+00
-1.237419378563381578e+00
-1.236978915337440865e+00
-1.236977041104472708e+00
-1.224344170134907595e+00
-1.224343307692414839e+00
-1.206882361716657304e+00
-1.206870678539039732e+00
-1.188973619836129592e+00
-1.188964148883678851e+00
-1.187574744343288691e+00
-1.187564955584429427e+00
-1.170237496844623415e+00
-1.170234233754913422e+00
-1.168041621916970474e+00
-1.168038261840486536e+00
-1.164955586435342250e+00
-1.164954269872198411e+00
-1.163730461467923361e+00
-1.163727231271291629e+00
-1.163327487653817549e+00
-1.163322922783037727e+00
-1.160683512536414774e+00
-1.160678134455312316e+00
-1.155828070437774802e+00
-1.155827384930957269e+00
-1.154123163178570000e+00
-1.154116981196559699e+00
-1.149761007815504721e+00
-1.149759592078381631e+00
-1.148219063336226364e+00
-1.148217607817289876e+00
-1.148183362750591519e+00
-1.148179875277582918e+00
-1.147459319753928231e+00
-1.147455839439205372e+00
-1.139710330313115083e+00
-1.139708054300735407e+00
-1.130431040798572040e+00
-1.130429539213388734e+00
-1.127908812970909169e+00
-1.127905783910533311e+00
-1.127412129619331127e+00
-1.127403501505923167e+00
-1.123983042331489823e+00
-1.123977888424917859e+00
-1.123881198287576932e+00
-1.123869770018155689e+00
-1.122538888654528222e+00
-1.122531300583224700e+00
-1.120866039078868726e+00
-1.120864539411863037e+00
-1.118917131677225729e+00
-1.118915099190301632e+00
-1.116702185013506154e+00
-1.116694896873963838e+00
-1.114633051496797922e+00
-1.114621746979159056e+00
-1.114142149547553862e+00
-1.114140768618852029e+00
-1.109510866746630242e+00
-1.109508291459424978e+00
-1.104156112895955832e+00
-1.104150991620401534e+00
-1.096606184862251920e+00
-1.096602116790467374e+00
-1.093566370307213154e+00
-1.093562552470589866e+00
-1.092408441111633266e+00
-1.092404031805523479e+00
-1.091227878325262024e+00
-1.091222050766943896e+00
-1.089722045515958859e+00
-1.089719102670347439e+00
-1.083565574053560132e+00
-1.083565296036560932e+00
-1.081960797007469388e+00
-1.081960337064286515e+00
-1.081030320615041784e+00
-1.081026070202623757e+00
-1.077627326221330950e+00
-1.077618702120496597e+00
-1.077118373946991392e+00
-1.077113081531034355e+00
-1.069831910379756446e+00
-1.069827241814919283e+00
-1.067945709713233216e+00
-1.067943862916806319e+00
-1.065972068309453791e+00
-1.065966295080569948e+00
-1.062267039127667401e+00
-1.062265968745831568e+00
-1.061004378892901112e+00
-1.061003574561683038e+00
-1.060259407540439014e+00
-1.060259347972897448e+00
-1.050947698783403661e+00
-1.050947538269591419e+00
-1.028983643603831988e+00
-1.028980339337545402e+00
-1.025104372875546899e+00
-1.025102967617441685e+00
-1.024017355853985567e+00
-1.024015434421343906e+00
-1.024012306630654345e+00
-1.024011162992853663e+00
-1.021350396523700299e+00
-1.021349021849035976e+00
-1.019503493600168564e+00
-1.019501148173021621e+00
-1.006758715303046392e+00
-1.006758459718578580e+00
-1.005900478956550881e+00
-1.005899492193058409e+00
-1.004499268761875896e+00
-1.004497675233823717e+00
-1.003038046446612430e+00
-1.003037084173330928e+00
-1.000341834450448886e+00
-1.000327651210544566e+00
-9.988984729456420464e-01
-9.988958716638703939e-01
-9.940414505555844604e-01
-9.940403641493161802e-01
-9.913944441620097248e-01
-9.913869802451413804e-01
-9.837025503106185953e-01
-9.836953562455411637e-01
-9.516943085157165694e-01
-9.516917744456974138e-01
-9.515189812464877051e-01
-9.515118608225974217e-01
-9.497684508850448015e-01
-9.497659728015619418e-01
-9.492943609183519538e-01
-9.492919061621255539e-01
-9.393002598284030391e-01
-9.392979440267874569e-01
-9.382807474863299468e-01
-9.382752591793611652e-01
-9.360842272979416068e-01
-9.360790655559061424e-01
-9.238140649651963576e-01
-9.238127502732642604e-01
-9.186956010259635930e-01
-9.186913379654165768e-01
-8.898070153456623110e-01
-8.898050595442867916e-01
-8.885305099878356705e-01
-8.885223794220206139e-01
-8.852240310346228824e-01
-8.852182949645942545e-01
-8.845955260446798363e-01
-8.845934256468879209e-01
-8.519643740403455290e-01
-8.519639408576593631e-01
-8.474638939638177160e-01
-8.474618219110144901e-01
-8.273691717317338545e-01
-8.273610541808393837e-01
-8.253249960394464235e-01
-8.253183770548817577e-01
-7.721254718235229797e-01
-7.721214715355441127e-01
-7.691003015261844711e-01
-7.690987663241812822e-01
-7.676513320465834234e-01
-7.676512405260649263e-01
-7.585331507895012315e-01
-7.585247230955841635e-01
-7.449519283360782618e-01
-7.449493508966904542e-01
-7.444247695925246822e-01
-7.444205375462957797e-01
-7.169376916174737824e-01
-7.169328183877948790e-01
-7.116949971544549447e-01
-7.116897986973750312e-01
-7.050071104669881628e-01
-7.050067184092165817e-01
-6.546066603351797797e-01
-6.546012521422718278e-01
-6.441996938588573363e-01
-6.441931439605625975e-01
-6.046123605883381158e-01
-6.046055010707230837e-01
-5.955908969112500007e-01
-5.955901375950326537e-01
-5.699596127992830885e-01
-5.699533542163319755e-01
-5.697511561659953649e-01
-5.697491853512742788e-01
-5.153124972691598416e-01
-5.153081566053819840e-01
