-1.606708912422231794e+00
-1.606708912422231794e+00
-1.606708912422231350e+00
-1.606708912422231128e+00
-1.602869118782664914e+00
-1.602869118782664692e+00
-1.602869118782664692e+00
-1.602869118782663804e+00
-1.602503989660414074e+00
-1.602503989660413852e+00
-1.602470981044533227e+00
-1.602470981044532339e+00
-1.580780287577769894e+00
-1.580780287577769005e+00
-1.580780287577768339e+00
-1.580780287577767673e+00
-1.580702081217336241e+00
-1.580702081217336019e+00
-1.580702081217335797e+00
-1.580702081217335797e+00
-1.571761993714404060e+00
-1.571761993714404060e+00
-1.571760632533733659e+00
-1.571760632533733215e+00
-1.551046560899390636e+00
-1.551046560899390636e+00
-1.543746537606277558e+00
-1.543746537606277558e+00
-1.543510157452528508e+00
-1.543510157452528064e+00
-1.543495765264778719e+00
-1.543495765264777830e+00
-1.529500021688977807e+00
-1.529500021688977807e+00
-1.529441920026068047e+00
-1.529441920026067603e+00
-1.515448060461143109e+00
-1.515448060461142887e+00
-1.513959336365366726e+00
-1.513959336365366504e+00
-1.486792302528261889e+00
-1.486792302528260112e+00
-1.486771298411687425e+00
-1.486771298411686981e+00
-1.479634735126525324e+00
-1.479634735126525102e+00
-1.479576195843045117e+00
-1.479576195843044450e+00
-1.435919016008401661e+00
-1.435919016008400551e+00
