-1.553718924526879430e+00
-1.553718924526879208e+00
-1.553718924526878764e+00
-1.549803709094528692e+00
-1.549803709094528470e+00
-1.549803709094527804e+00
-1.549800793910123931e+00
-1.549800793910123264e+00
-1.549800793910123042e+00
-1.548741406634434714e+00
-1.548731535075861032e+00
-1.541269556800187956e+00
-1.531704705708115233e+00
-1.531704705708115011e+00
-1.531704705708114345e+00
-1.531701890905471819e+00
-1.531701890905471597e+00
-1.531701890905470931e+00
-1.516834182487978300e+00
-1.516731675854882555e+00
-1.516731675854882333e+00
-1.516731675854881889e+00
-1.515594989242693202e+00
-1.468114115695633437e+00
-1.468081628506044733e+00
-1.426427438699223949e+00
-1.426403075616826888e+00
